binsize = 0.050000
157
421
690
957
1160
1419
1632
1740
2082
2235
2451
2587
2756
2974
3143
3321
3519
3659
4034
4133
4327
4493
4526
4717
4977
5071
5497
5431
5838
5812
6047
6191
6352
6377
6573
6689
6822
7124
7147
7527
7399
7682
7794
8039
8180
8242
8406
8565
8515
9015
8873
9128
9137
9396
9407
9669
9799
9875
10014
10080
10195
10298
10634
10665
10848
11027
10992
11183
11514
11420
11564
11810
11875
11947
12213
12226
12368
12480
12751
12852
12814
12952
13115
13119
13363
13639
13592
13669
13738
13742
14080
14387
14526
14461
14720
14945
15050
14906
15180
15117
15298
15542
15697
15820
15992
15983
15966
16453
16603
16397
16654
16683
16773
16791
17064
17203
17243
17524
17464
17384
17560
17652
18068
18156
17914
18305
17998
18506
18639
18379
18769
18920
18989
19187
18977
19320
19400
19410
19593
19455
19977
19765
20182
20199
20258
20565
20414
20819
20767
20881
20976
21070
21297
21251
21346
21563
21917
21843
22203
22053
22061
22043
22061
22174
22679
22682
22514
22807
22943
23050
22977
23113
23241
23427
23737
23458
23720
23911
24090
23884
23837
23973
24218
24403
24340
24344
24576
24552
24785
24853
24956
25265
25288
25241
25392
25517
25830
25663
25695
25942
25887
25856
25663
26215
26374
26428
26413
26607
26436
26796
27038
26649
26808
26970
27007
27112
27223
27237
27418
27606
27968
27728
27701
27823
28033
27706
28137
28181
28446
28285
28493
28789
28645
28791
28628
29043
29508
29343
29330
29271
29561
29484
29676
29519
29527
29606
30234
29965
30041
30297
30277
30289
30505
30690
30438
30448
30848
30824
30585
31051
30850
30968
31379
31454
31646
31224
31322
31575
31635
31956
32353
32218
32289
32607
32553
32454
32782
32562
32187
32915
32860
33112
33126
32895
33131
33326
33322
33344
33379
33586
33620
33643
33465
34080
33917
33925
33885
34308
34579
34253
34404
34661
34211
34659
34920
34748
35012
34984
35187
35226
35095
35189
35292
35229
35898
35502
35359
35660
35815
35797
35967
35894
36015
36072
36174
36201
36978
36341
36253
36658
36760
37031
36805
36861
36813
37120
37102
37053
37640
37480
37681
37601
37701
37603
37821
37994
38153
37748
38030
38670
38195
38734
38467
38640
38562
38747
38392
38542
38756
38924
38567
39128
38793
38743
39019
39179
39423
39232
39629
39279
40006
39627
39966
39784
40197
40030
40025
40102
40046
39912
40395
40295
40825
40836
40609
40775
40171
40878
40926
41341
41108
41137
41850
41738
42022
41322
41693
41727
41983
41673
42103
41969
42343
42113
41804
42206
42281
42914
42248
42063
42624
42717
42215
42919
42949
43024
42874
42742
43495
42981
43054
43943
43339
43501
43853
43681
43829
43593
44169
44039
43594
43743
43607
44184
44016
44325
44208
44082
44275
44385
44469
44363
44648
44741
44672
44951
44933
44961
45467
45257
45485
45192
45637
45700
45444
45679
45146
45661
45611
45628
45888
45615
45472
45772
45873
46310
46377
46342
46310
46799
46666
47024
46767
46783
46649
46527
47006
46909
47022
46918
47055
47057
47365
47429
47702
47397
47261
47787
47291
48029
47970
47579
47791
47750
48139
47905
48357
48420
48563
48511
48360
48640
48678
48586
48886
48846
48760
49027
48967
49039
49343
48957
49193
49048
49590
49606
49922
49534
49749
49784
49850
49925
50372
50520
49825
50140
50400
50475
50241
50282
50644
50310
50742
50662
50574
50372
50654
50912
50778
50686
51205
51160
50626
51041
51309
51288
51261
51241
51507
51266
51652
51344
51624
51228
51668
51314
52128
52058
52190
51983
51882
52213
52106
51901
52094
52078
51822
52320
52339
53146
52578
52493
52855
52316
52786
52652
52997
53257
53230
52805
53338
52965
53253
53291
53925
53756
53376
53648
53905
54025
53751
53542
54246
53851
53753
53768
53947
53729
54303
54471
54115
54310
54283
54794
54670
54658
54938
55002
54458
54923
54698
55141
55066
54874
55166
55539
55127
55378
55370
55592
55074
55442
55502
55520
55885
55870
55806
56041
55841
56249
56164
56447
56200
56411
56128
56277
56124
56800
56504
56414
56612
56521
56155
56925
56437
56642
56844
57282
57355
57440
56947
57075
57039
57533
57582
57759
57384
58217
57837
57532
57476
57439
57843
57248
58018
57678
57881
58327
58285
58539
58374
57949
58085
58312
58869
58271
58577
58645
58119
58379
58505
58492
58662
58877
58588
58659
58995
58793
59309
59297
59168
59010
59575
59634
59469
59608
59770
59565
59573
59406
59283
59387
59824
59724
60032
60436
59695
60364
59722
59983
59852
60053
60276
59944
60197
60134
60356
60452
60440
60928
