binsize = 0.050000
201
400
720
948
1219
1378
1522
1777
1973
2273
2349
2542
2714
3004
3201
3371
3479
3631
3841
3982
4199
4357
4516
4719
4901
4929
5306
5444
5402
5625
5915
5983
6246
6296
6558
6735
6697
7032
7215
7230
7428
7573
7785
7888
8061
8158
8343
8293
8474
8713
8878
8897
9095
9178
9415
9678
9609
9961
9789
10210
10128
10513
10446
10700
10624
11018
10894
11043
11187
11500
11460
11442
11782
11776
11920
12198
12247
12425
12444
12512
12702
13016
12898
13078
13337
13609
13504
13819
13804
13947
14106
14291
14131
14542
14635
14530
14766
14942
15048
15216
15132
15266
15547
15484
15540
15739
15828
16082
16067
16291
16549
16509
16634
16632
16924
17079
17127
16992
17493
17298
17748
17710
17995
18050
17922
18259
18191
18338
18485
18662
18673
18749
18801
18959
19100
19331
19297
19312
19888
19656
19559
19891
19852
20331
20268
20488
20337
20215
20597
20713
20562
20597
20947
21133
21549
21330
21553
21826
21795
21836
22381
22103
22253
22578
22648
22628
22389
22622
22781
22679
22869
23148
23336
23207
23752
23562
23525
23402
23726
24088
24244
24314
24074
24108
24148
24666
24370
24501
24886
24742
24839
25168
25254
25417
25702
25421
25575
25443
26156
25955
25807
25999
26065
26481
26571
26444
26682
26555
26872
26672
27187
27264
27272
27148
27373
27547
27974
27773
27987
28014
28164
28171
28217
28569
28510
28599
28609
28534
28909
28770
28823
29107
29203
29421
29584
29593
29801
29712
29686
29995
29662
30334
29959
30512
30375
30323
30736
30535
30377
30834
30723
30932
30836
30905
31004
30985
30954
31384
31328
31372
32013
31785
31427
31780
31777
31867
31867
32043
32335
32051
32195
32390
32586
32700
32579
32793
32923
32692
33121
33020
33199
33337
33540
33231
33586
33432
33625
34033
33951
33991
34178
34018
34137
34254
34700
34522
34628
34547
35019
34860
34788
34446
35144
34988
35246
34970
35229
35407
35760
35021
35402
36015
35836
35715
36343
36304
35919
36066
36725
35993
36259
36289
36406
36900
36751
36947
37145
37275
37040
37090
37237
37528
37346
37645
37564
37848
37616
37861
38301
38016
37867
37798
38180
38505
38234
38374
38471
38700
38788
38668
38582
38685
38756
39021
39372
39033
39560
39047
39515
39354
39374
39685
40211
39946
40391
40282
39775
40069
40182
40591
40405
40424
40688
40272
40801
40615
40687
41025
40697
41367
41106
41055
41019
40949
41359
41743
41562
41922
41706
42020
41683
41962
41973
41807
42164
42134
42278
42280
42166
42565
42647
42553
42349
42459
42687
43071
42680
42920
42848
43131
43193
43193
43591
43107
43323
42982
43268
43590
43782
43937
44005
43862
44164
44340
44453
44361
44541
44844
45098
44516
44476
45075
44381
44635
44797
44833
44937
44955
45417
45252
45272
45364
45188
45254
45626
45677
45610
45497
46018
45452
46092
46286
45699
46372
45870
46214
45811
46272
46354
46309
46455
46556
46615
46763
46811
46466
46866
46744
46757
46899
46990
47028
47206
47218
47360
47275
47541
47368
47337
47715
47534
47419
48185
47839
47810
48046
48134
47935
48098
48402
48315
48192
48330
48429
48485
48809
48011
48743
48925
49214
48670
49272
49347
49696
48984
49149
49083
49649
49519
49361
49495
49359
49205
50155
49848
50088
49893
50034
49783
50430
50003
50298
50618
50314
49994
50362
50137
50740
50508
50895
50680
50740
50840
50961
50480
50964
51137
51094
51190
51257
51303
51233
51314
51420
51912
51521
51545
51576
52016
51769
51925
51922
51635
52067
51678
52230
52605
52310
52272
51937
52132
52500
52638
52832
52370
52747
52928
53017
52853
53172
52929
53089
53437
53116
53396
52998
53427
53403
53251
53203
53736
53528
53884
53920
53870
53982
54480
53864
53829
53819
54093
53806
54203
54107
54192
54360
54491
54531
54443
54832
54787
54536
55041
54737
54852
55023
54962
55007
54981
55156
55183
55523
55332
55782
55577
55327
55377
55560
56035
55518
55946
56152
55745
56057
56368
55821
56069
56466
56396
56249
56351
56527
56110
56566
56437
56893
56751
56990
56707
56781
56391
57072
56657
56997
56896
57296
57201
57291
57590
57413
56845
57513
57497
57116
57568
57595
57506
57557
57997
58007
57839
57625
58224
57254
58427
58152
58088
57975
58182
58223
58049
58387
58187
58409
59126
58263
58194
58666
59095
58941
59042
58674
58981
59346
58834
59076
58941
58977
59042
58844
59404
59284
59306
59159
59734
59573
59611
59785
59429
59269
59629
59318
59950
60077
59695
59773
59740
60096
59703
60467
60004
60199
60008
59915
60348
60546
60231
60735
60353
60573
