binsize = 0.050000
170
441
639
925
1172
1348
1572
1832
1950
2104
2369
2528
2743
2965
3191
3347
3581
3581
3855
4053
4210
4425
4414
4657
4843
4949
5304
5264
5430
5712
5856
5975
6031
6329
6442
6634
6743
6960
7080
7104
7258
7570
7816
7847
7790
8005
8193
8475
8562
8587
8734
8784
9030
9271
9304
9319
9640
9635
9736
9839
10095
10150
10254
10288
10802
10748
10888
11155
11063
11272
11642
11669
11411
11783
11748
11933
12115
12284
12369
12408
12705
12567
12719
12911
13189
13182
13344
13469
13405
13706
13938
14038
14219
14109
14460
14701
14592
14886
14956
14991
15251
15212
15377
15598
15427
15996
15932
15962
16396
16103
16470
16457
16603
16426
16722
16690
16940
17073
17274
17459
17476
17610
17724
17860
17942
18114
18085
18016
18374
18337
18483
18469
18759
18883
18808
18991
19406
19263
19474
19441
19542
19735
19912
20052
20045
20419
20307
20522
20447
20380
20718
20691
20859
20864
21267
21265
21211
21327
21554
21857
21830
21998
21751
22403
22084
22416
22324
22781
22480
22645
22990
23044
23190
23292
23057
23482
23688
23383
23756
23968
24031
23960
24091
23776
24283
24444
24472
24565
24775
25025
24993
24655
24971
25460
25261
25370
25296
25378
25751
25778
25902
25954
25842
25899
26099
26677
26478
26782
26519
26858
26883
26765
27015
27115
27465
27108
27457
27068
27486
27594
27725
27853
28042
28369
28402
28114
28267
28576
28686
28853
28602
28739
29111
28682
28895
29078
29270
29233
29618
29510
29817
29899
29893
29958
29934
30244
30224
30164
30374
30484
30689
30657
30783
30661
30607
30710
30692
31447
30950
30997
31750
31542
31501
31491
31499
31858
31602
31958
32310
31977
32450
32322
31954
32177
32332
32581
32698
32933
32756
32934
33029
32832
33009
33421
33308
33304
33249
33472
33105
33897
33845
33742
33768
34220
34389
33882
34020
34307
34352
34470
34116
34986
34507
34670
35156
34931
35164
34947
35254
34903
35128
35339
35228
35388
35765
35711
35796
35817
35723
36179
36272
36071
36318
36249
36278
36456
37026
36896
36897
36834
36609
37016
37098
37177
37277
37089
37298
37363
37278
37595
37445
37640
37824
37933
38019
38095
38327
38017
38272
38190
38678
38516
38549
38485
38768
38699
38788
38937
39222
39188
39299
39421
39636
39275
39525
39433
39490
39675
39753
40053
39498
40029
40254
40249
40233
40286
40273
40534
40728
40891
40539
40744
40793
40697
41030
41102
40980
41305
41557
41340
41495
41011
41429
41720
41669
41858
41738
41583
41733
42168
42072
42100
41884
42373
42723
42503
42302
42946
42877
43046
42820
42802
43013
43061
43003
43248
43045
43187
43593
43510
43407
43592
43507
43653
43845
44047
43986
44128
44243
44138
44100
44232
44111
44661
44517
44495
44750
44962
44534
44744
44990
45117
44993
44866
45554
45025
45547
45469
45464
45248
45625
45574
46011
45479
45882
45945
46160
46218
45918
46108
46237
45844
46209
46118
46317
46642
46669
46366
46665
46511
46704
47008
46788
46991
46924
47270
47455
47523
47584
47422
47364
47562
47357
47595
47817
48007
47623
47658
47704
48065
47862
47619
48396
48094
48586
48346
48206
48349
48297
48798
49235
48687
49035
48419
49127
49006
49080
48828
49428
49276
49186
49405
49567
49524
49300
49172
49582
49589
49796
49598
50145
49987
50127
50474
50827
50053
50198
50295
50365
50586
50898
50710
50487
50485
50304
50669
50858
50723
50859
51225
51124
50992
50866
51264
51305
51676
51226
51315
51169
51466
51373
51919
51642
51791
52070
52276
51658
52261
52793
52418
52343
52224
52212
52108
52747
52294
52847
52579
52645
52938
53373
52991
53388
52985
52956
52794
53038
53343
53016
53187
53280
53156
54031
53282
53868
53421
53460
53595
53837
53607
53919
53969
54137
54224
54311
54178
54086
53842
54143
54317
54962
54812
54935
54252
54660
54944
54863
55143
55161
55152
55073
54840
55420
55129
55348
55623
55512
55394
55241
55723
55573
55909
55256
55851
55233
56375
55497
56336
56385
55823
56223
56240
55809
56510
56609
56006
56539
56682
56601
56746
56866
56632
56868
56766
56952
56843
57369
57228
57261
57421
57257
57341
57511
57716
57383
57401
57253
57797
57707
57990
57802
57696
57617
58051
57754
58468
58159
58260
58332
58263
58072
58129
58293
58445
58854
58558
58764
58757
58680
58552
58571
58780
58688
58638
59190
59011
59128
59125
59137
59153
59130
59341
59497
59822
59380
59585
59722
59730
59874
59650
59835
60103
59855
59650
59962
60012
60191
60089
60042
59877
59577
59985
60350
60248
60450
60512
60731
60506
60184
60708
