binsize = 0.100000
0
0
0
0
0
0
0
0
0
0
0
0
0
0
0
0
0
0
0
0
0
0
0
0
0
0
0
0
0
0
0
0
0
0
0
0
0
0
0
0
0
0
0
0
0
0
0
0
0
0
0
0
1203982336
1164597289
1164597330
1164593848
1164602941
1164592046
1164600361
1164607447
1164587008
1164598231
1164598559
1164595282
1164587663
1164608430
1164595773
1164600607
1164590940
1164597248
1164607242
1164609249
1164602368
1164590531
1164605522
1164581560
1164599869
1147111440
1164566528
1147171013
1147282686
1164585697
1165198787
1164597166
1164594627
1147185562
1165218652
1147228914
1147060814
1164556575
1165236142
1165163069
1165148774
1164601467
1165166551
1153947730
1165188751
1136391422
1147397407
1156034806
1165262152
1156044718
1146893304
1156020142
1155990241
1164598723
1165178757
1165199483
1165301965
1165134971
1164611502
1156081336
1164604170
1156072571
1164599665
1143887266
1165182034
1156053074
1164667412
1164683428
1166206853
1164605399
1166207590
1166200914
1143754752
1136884679
1165245932
1165471048
1147241103
1166185923
1165196493
1165162168
1155933962
1155986145
1165156024
1165242532
1156129341
1156083548
1147530904
1165450732
1165128540
1165448110
1164620349
1164539494
1155968778
1165483745
1165293199
1153998766
1147531985
1164629484
1165237903
1165194732
1155959603
1165497057
1152238633
1156111319
1146859192
1166210806
1165306184
1166202204
1146933117
1165238477
1143752491
1143766843
1165099991
1165308477
1165331292
1164589261
1147235205
1143635116
1147165016
1156008346
1165304463
1156021371
1165190267
1165152829
1165513359
1165464986
1165309870
1156048486
1156002202
1154024735
1161052324
1165316219
1155934781
1161038889
1164553380
1164642017
1137150394
1164591923
1165517742
1161048678
1152185221
1165339116
1165346857
1161026314
1136714908
1136195076
1161060803
1164668314
1156180951
1165473137
1165304218
1161028076
1165481902
1147380204
1165516268
1166204047
1159835197
1161000755
1161028076
1165122478
1165234381
1165182403
1165144105
1165188383
1156170383
1159859118
1159852483
1159851254
1161052815
1164524339
1152224543
1159837041
1165249249
1143689380
1165547069
1164629770
1165441556
1165338051
1135671902
1155920118
1159805338
1147593327
1164568207
1153958298
1165487923
1147354153
1147577106
1164587336
1165284516
1165139272
1154058404
1147204829
1165273825
1164681052
1137068212
1164635996
1164477440
1136193995
1165472563
1155863593
1165125509
1165310444
1165517824
1136422093
1165472072
1161066127
1165497139
1152325222
1134577680
1146726875
1156092068
1161022382
1147197456
1164546990
1134536425
1156216259
1164523028
1165435658
1152121160
1156121313
1159860224
1165141770
1134636925
1164715336
1164609700
1165269197
1159707566
1146801488
1166241546
1165506028
1165221356
1165486531
1164562637
1164670280
1165513892
1146947764
1164584223
1146747617
1159859569
1146996228
1147504656
1165093356
1165428941
1134502740
1147133559
1148110995
1134781563
1159871816
1165102244
1152220938
1159851500
1165216727
1165312451
1134902870
1134622212
1161039340
1161022259
1134612120
1165311877
1166235730
1165283328
1166177034
1147386298
1154498314
1161095782
1165452042
1165080003
1159837204
1165235773
1134937407
1161010872
1159832658
1164661719
1161022915
1143809999
1164510085
1166208594
1134814691
1165317243
1164683510
1165271040
1165406290
1164511478
1165281608
1165094953
1165380936
1161003622
1161030533
1165569638
1164622602
1159644447
1164651520
1147019330
1165225452
1165474284
1165343580
1165448110
1152261407
1156053238
1164615557
1134455783
1159818691
1153431142
1164688835
1165254205
1161003827
1165302948
1143691444
1134822851
1156005151
1165427016
1164506522
1156000481
1135023915
1164482765
1134465548
1165340385
1155960586
1164536832
1165081559
1134552711
1136443228
1161017385
1165118628
1164655944
1155870966
1159904461
1165209436
1161005425
1147228422
1147308540
1164646605
1154000978
1165416980
1161015828
1160984863
1152309903
1164588646
1136939532
1134436057
1165368484
1144033051
1165378028
1161024430
1161015910
1156131881
1161047122
1161007596
1156236657
1164667453
1134996488
1153487667
1161003868
1164498862
1161001533
1165379912
1161049989
1156046438
1164535685
1160974705
1160992113
1165278126
1165431194
1164453478
1164519219
1161009029
1165369631
1165274685
1164637839
1161028116
1165398917
1159904092
1161022669
1165435167
1134584594
1165381960
1165400433
1165376061
1164655206
1165373972
1160999322
1165370204
1165391053
1143708451
1155929866
1165339238
1165449298
1161042821
1160991785
1165430784
1160987116
1159673119
1147520877
1152367657
1160993423
1164722708
1165389332
1159835197
1152105595
1164501074
1160975892
1165405839
1165074063
1165286932
1165545021
1161147392
1165373522
1165418209
1156234527
1165384704
1164452045
1165367255
1155949363
1159228662
1159226573
1165440328
1155849421
1159219487
1134182433
1159865876
1165476209
1159745372
1159771587
1165268173
1165419438
1155894968
1165222339
1165492347
1164512870
1161045402
1165423616
1147564327
1161095332
1161140634
1164452987
1146880721
1165364879
1156244849
1165102162
1159841710
1164693463
1152077660
1159789650
1161133670
1165414277
1160975811
1165354967
1165538632
1165081313
1165445734
1159177667
1165396992
1143781097
1164733276
1159228662
1159844577
1135033876
1134235255
1166157885
1165384909
1134344602
1165400392
1164731474
1161044378
1159900570
1165188465
1159240049
1160986173
1164490301
1159234437
1144087118
1144265146
1165326950
1165322240
1159893484
1165345874
1165360742
1165220413
1165435945
1165309993
1161035694
1164528435
1152378470
1137283465
1161027584
1156156867
1164484076
1134433174
1165478707
1165498204
1159212073
1143954801
1164478710
1165034045
1159208509
1159846871
1148278014
1159165379
1165209682
1152086508
1165401948
1165251133
1159801364
1147412054
1165432218
1165341204
1165589381
1165085450
1156140974
1160916419
1159904952
1165071729
1161007800
1164614492
1159172997
1159829422
1156283843
1159828398
1165398303
1164494930
1165400515
1155983442
1164472934
1164598804
1146894975
1164495012
1159200154
1147588805
1135393571
1135009825
1164673352
1165450527
1160979087
1155804037
1164464292
1134689878
1164496241
1146679099
1134325236
1159772160
1164647506
1164501238
1165042115
1134081212
1156187668
1159238615
1143510172
1143572005
1136336339
1134675034
1159198802
1165176504
1165107446
1165471416
1147704312
1165066322
1165361562
1134235058
1165446349
1159193436
1165359432
1135009759
1165333053
1164709192
1165276078
1134140031
1159822172
1164582011
1134463648
1156986798
1164560425
1137402577
1134499430
1164587459
1165393551
1164695634
1159243448
1147597160
1135107015
1164678636
1159577641
1160992236
1165248799
1155939451
1165350257
1164713492
1164691046
1165352468
1165173268
1154396897
1164714639
1164560056
1135542370
1160983634
1159803945
1159213261
1164697108
1165379011
1164479693
1165384868
1157038735
1156115087
1160982118
1165504512
1165123092
1159180902
1165432996
1164627927
1165265388
1165385032
1159576207
1160940421
1161006694
1165101056
1165357548
1164751176
1161048392
1164578161
1165121618
1164435333
1165399286
1165108797
1165570990
1152042680
1165468754
1159241769
1160905032
1164448195
1134350598
1165534085
1147042628
1164748022
1159744225
1164717588
1165154468
1159257825
1134997176
1164615188
1164426486
1160988508
1150765548
1165311304
1165083771
1165468713
1150809211
1159257334
1165229384
1165374833
1156225106
1164447867
1164712960
1154395095
1165047521
1165501768
1156777492
1164662989
1150809211
1165515858
1165117440
1161015542
1153985495
1164508283
1166220636
1161033974
1165189325
1143626269
1164422881
1164463350
1154397307
1150860984
1159178568
1164473303
1164444549
1164535071
1146783891
1161156608
1164475105
1159164682
1166181335
1166144758
1159935795
1166246072
1159947141
1150814536
1165177856
1159262740
1165042156
1155973284
1165413458
1164445983
1147359166
1166253732
1159225016
1159868457
1160990761
1156254761
1160983020
1165332111
1156035461
1155917169
1161000387
1165141770
1159258235
1156053729
1136537305
1164498657
1134785626
1134302953
1159233331
1164584591
1150752686
1150881219
1161059082
1159236854
1150849761
1165544202
1166246687
1135301820
1150831002
1165396460
1164736512
1160993792
1164676833
1159840399
1165359145
1150844191
1150723441
1165474243
1150845092
1164527985
1150706729
1156286300
1166183813
1165214228
1150788895
1159812710
1159817585
1137248698
1164436767
1165397770
1165424968
1147409498
1150779310
1150826742
1164498452
1150799872
1164544942
1156027433
1156643799
1161075712
1150770708
1165623296
1165558088
1164594422
1150861066
1150847959
1164562964
1160926659
1164611379
1150776115
1165211525
1159274209
1165341696
1150883267
1164417843
1155954934
1166183055
1164456796
1150748426
1159848919
1150813880
1161049661
1150869340
1150890803
1164520489
1165378642
1146597802
1159757455
1161113108
1165436477
1147300577
1156731044
1135461794
1164642959
1165614531
1165604168
1156728340
1160916173
1165507830
1150810522
1150788485
1160966226
1165260349
1159584891
1165183672
1156695654
1165415014
1143938089
1164721603
1159176643
1150812897
1165333217
1165347594
1165339361
1164556698
1166184940
1143354458
1155792404
1150872289
1164457165
1150805934
1165405553
1135473623
1164488172
1155814195
1150820352
1137456087
1150757437
1159264707
1165335306
1164718531
1133918192
1150819451
1165276119
1165401661
1147364868
1156214456
1164508733
1153920860
1156705894
1165124649
1164595241
1159902454
1166138266
1161070756
1150671749
1155826647
1165620879
1164572385
1164639805
1164582052
1134475149
1147740488
1150855004
1150786109
1150762271
1165452616
1160964547
1165073531
1165420052
1165046170
1160978473
1137475813
1133780468
1165508649
1150685184
1165242491
1165439508
1166209249
1159186842
1164497019
1164432261
1150857380
1150755881
1165334692
1150756209
1159825900
1146965361
1155850813
1160866980
1164597494
1165427466
1165360087
1160943575
1165378806
1160926577
1166209372
1161022464
1165109166
1150701322
1155811328
1134734770
1154351186
1134104150
1137189454
1159765893
1135457403
1148143239
1156272783
1164518973
1165420257
1159148175
1165607813
1154492498
1136806265
1156128031
1147311686
1159557284
1146666516
1147217707
1159717560
1165021348
1160917852
1166178550
1146526335
1161046671
1164995748
1164608471
1147648279
1156713923
1164480061
1164667331
1156675092
1133963313
1165345137
1165315850
1164736840
1159147725
1153540260
1165309338
1156042506
1150921359
1156331684
1164487025
1165290209
1165581804
1150925537
1156053074
1133811663
1150811914
1165155615
1160973189
1165414359
1165516390
1152359055
1156318413
1164688220
1165340426
1156024975
1164750438
1164670689
1166235935
1150847058
1156064379
1165329736
1160981996
1165352509
1165288120
1135545319
1159542989
1150788567
1134271857
1154587279
1164990382
1164656804
1166182339
1150707548
1134224867
1150893588
1155986227
1165416325
1156771021
1146561528
1161109422
1134408827
1150809702
1165428163
1156690493
1155993764
1150969528
1165402235
1154350203
1134294663
1155998269
1165488374
1156731208
1161000141
1165262889
1152186941
1155998188
1152310395
1155820503
1156614554
1159188193
1164786934
1161008824
1165111992
1164471910
1164754452
1156082074
1150752195
1159236035
1150845092
1156751278
1156644946
1165558006
1165267763
1150861066
1161011814
1162306847
1150878597
1144236048
1160955249
1165477356
1164510700
1160970732
1164474737
1135224127
1164404367
1165313065
1159177953
1153914225
1136240591
1161054290
1164551905
1150734746
1164734751
1133919666
1165323878
1165262029
1147319648
1154004009
1165450322
1159812588
1165478912
1159707607
1159144776
1160904827
1150884004
1150863032
1164751258
1166134682
1164470600
1161056215
1165617275
1146850247
1156103455
1165268541
1160892703
1165302170
1165284229
1160917606
1135172223
1147172389
1147136803
1164578406
1155745956
1162302751
1160881766
1164410143
1162301481
1164443116
1133623116
1156094362
1162311680
1162306437
1165197271
1150889820
1164449792
1147278754
1156586865
1165346243
1165629399
1154367816
1147763196
1165508772
1165422797
1161039667
1150793236
1156868997
1155949281
1165417185
1165309624
1165177405
1156579983
1159123231
1137320067
1165332972
1152026788
1135478931
1147064254
1165110641
1156624220
1164734546
1156742185
1150907679
1160944435
1164391956
1160915640
1164696822
1152000410
1159851663
1162298982
1156080108
1161005711
1164561326
1165459907
1160945541
1162339451
1161004032
1161019392
1151034163
1137677631
1165358162
1162327736
1162303857
1161036104
1156662067
1162329375
1165330555
1161072353
1166204375
1157781135
1156037919
1160996700
1150737121
1164772024
1165438607
1161052078
1161089475
1150817976
1150932828
1159772652
1156042670
1164691538
1162318848
1162294845
1159175619
1160971428
1165055508
1161014682
1164596388
1162258309
1148183740
1160930263
1165354476
1165310280
1156070277
1160989983
1161002066
1165311427
1160915517
1162292142
1165496607
1165382984
1156794286
1162291364
1144339562
1162303734
1155709665
1134357676
1156633559
1156000727
1155980329
1146578239
1156056023
1165230285
1147162067
1164765266
1164797952
1135484731
1162320937
1156079698
1165576602
1160914903
1164749742
1162310451
1166262497
1162304307
1160969748
1162275553
1146431472
1165442621
1147197260
1160904008
1162264125
1165205258
1156602348
1164734874
1134114767
1164982436
1162347930
1159903560
1162295910
1154573353
1156033577
1161044296
1162285056
1133586121
1165383270
1156693934
1161103688
1162319872
1162292920
1156031283
1147227242
1162294886
1159244308
1165648650
1155995320
1162312950
1156683612
1165186048
1150868849
1164444877
1156661330
1160971428
1165371064
1156793139
1156040950
1164795372
1162329989
1161096315
1160955003
1165162127
1164396790
1160888320
1135133295
1162325606
1156029972
1156067656
1165518971
1155935437
1152385843
1162328556
1165253059
1165289800
1165600809
1150628332
1161084641
1156756767
1156701880
1166228296
1155910943
1161034138
1146940785
1165497262
1160942756
1166165565
1156159652
1165485916
1162305495
1162278625
1165242573
1165348004
1147693498
1165042606
1156549427
1156675748
1160977736
1164695101
1150742610
1162299023
1159181189
1159929160
1164654060
1165090120
1165540352
1165338214
1150606950
1159597056
1165483213
1165050020
1150965760
1147711881
1160932434
1155973202
1164698214
1165444628
1162289603
1162295460
1162246472
1165267067
1135118647
1165050429
1147357889
1160979907
1165209805
1151051858
1156783391
1137537909
1165346693
1147702542
1166245376
1159979295
1159186883
1154637169
1165355500
1156173742
1160880620
1165259325
1166244352
1164661801
1156004250
1165368279
1162335396
1150893179
1155980001
1160972943
1160953856
1162343752
1165292462
1164593357
1135609872
1162310861
1160997724
1162324132
1165319578
1134476657
1164418621
1162254828
1164629320
1162358538
1159110902
1146431275
1156168253
1165531955
1162325320
1160993423
1165372375
1166265815
1160971633
1156023992
1162349896
1162374144
1156792648
1160969298
1159640310
1147269022
1164374262
1159767982
1160942346
1156574659
1166181417
1165601178
1159105905
1147486962
1137173889
1165273702
1159967580
1135607251
1150634312
1156041933
1137234182
1151088558
1156201185
1162326221
1156678287
1164575539
1165156393
1156040622
1165457285
1164784026
1162355835
1136794075
1156641669
1162317496
1156083139
1134893367
1138030608
1161058099
1162272113
1133714276
1165378232
1155984507
1155868672
1165451796
1165421937
1164696044
1165480796
1155943875
1150611702
1159273308
1162340270
1165166674
1165304054
1162257531
1165276160
1160926208
1154650112
1161141903
1165144924
1156074537
1147586740
1162238075
1162330849
1162337649
1160935301
1156565402
1156216914
1135203353
1159751148
1165338747
1165444792
1150978785
1160872919
1136102277
1155931423
1155918561
1166163169
1161109135
1150819205
1161589023
1150995497
1166133432
1159149404
1160965857
1165431931
1165344276
1165355336
1160953733
1159962092
1161556337
1160910356
1165551780
1156225188
1164781568
1160965325
1160962212
1155786424
1156604232
1164421366
1166178550
1156162929
1136110436
1156179067
1162296484
1159844495
1164708454
1164768952
1162359931
1162366730
1146907066
1160954962
1164370207
1161074033
1134595310
1161085256
1162297303
1164732293
1165370655
1165332480
1156573348
1164559442
1164425175
1160928461
1151029002
1156223959
1155787735
1165660037
1150627922
1160859648
1156859494
1159290429
1165447946
1156017684
1155795190
1162290995
1165334856
1143876256
1156691067
1165323264
1144418992
1165171057
1164560302
1159194460
1159325819
1150541169
1155948626
1135543419
1165472809
1166203924
1162241802
1156621926
1160875663
1161581773
1165470228
1164455813
1165542687
1150889656
1143852663
1150645535
1165086925
1156526572
1156599644
1165168804
1164720128
1159332618
1164614451
1160934851
1166242099
1165289800
1156124426
1150877204
1165516063
1161567887
1165402522
1156254024
1159585792
1136213459
1159950705
1156773233
1161577882
1156362404
1161575834
1165541417
1156523459
1161556460
1162264330
1143695180
1162400399
1165480468
1161582019
1147770175
1164465398
1165422182
1165195469
1165651968
1160966881
1147102298
1165436559
1155981804
1161573581
1152169738
1159806403
1161579151
1166225039
1147204829
1166193480
1161053880
1147200602
1165241098
1155952476
1166191124
1164555919
1147277083
1159288340
1160958034
1161581568
1165308355
1161594839
1162267443
1160926126
1162300580
1156630610
1164640666
1164649759
1156592517
1165383721
1162324132
1156783800
1156785439
1156698194
1165533225
1161168445
1149143122
1166191923
1159217234
1156218225
1156579246
1164475146
1165492429
1164787098
1164367012
1165292175
1146768065
1166151803
1164409856
1161582346
1164714230
1162284646
1155913155
1157043323
1147275411
1165116170
1134598586
1161126461
1150829445
1161593446
1165493330
1156870881
1159580344
1150869422
1160992809
1161165988
1151071027
1138001936
1159911997
1160914166
1147395637
1165208740
1162358702
1156825907
1160935342
1152024494
1156616356
1147792884
1161571901
1165406167
1156169974
1136295969
1166128906
1164498125
1165322281
1164365496
1156674109
1136041263
1165091553
1156281303
1161015542
1165319291
1165317284
1165521838
1161532334
1147697529
1147314536
1161576776
1161088737
1162236887
1159234191
1165127844
1156185129
1160937185
1156049797
1165358285
1147121074
1165272842
1160947589
1159952056
1164413952
1156741120
1165069353
1161605857
1156540416
1161243771
1165412229
1156812472
1165485466
1164639683
1164745933
1161549005
1156883169
1161615688
1165484892
1155995238
1165502874
1160830157
1161562849
1156573921
1164674048
1150572216
1161625149
1165220291
1156028006
1165638984
1165033718
1164813844
1164730982
1165542973
1155878093
1164761989
1156720886
1136912302
1158413476
1135783182
1159149158
1161183150
1165054976
1159749386
1150501601
1155747676
1150726963
1160912978
1156286382
1160863498
1164487475
1156841882
1164830925
1156241080
1164513362
1161575137
1165215089
1164773704
1150722621
1156470129
1160916992
1164759204
1143765172
1161097748
1135151907
1164488172
1165261128
1165397688
1133392462
1156284498
1165224223
1161221734
1156042015
1165473300
1166281871
1144460280
1165393633
1165170565
1156842373
1159837041
1159917814
1165341450
1156527882
1150971658
1155964682
1159970161
1154317435
1165474693
1160940462
1164476498
1165390602
1152182354
1165679493
1146632012
1161598157
1159701463
1152576799
1161094103
1162369311
1156567613
1137356145
1164415017
1160889098
1165652664
1147399078
1165357629
1156290806
1155697787
1164450161
1136269885
1162364723
1150922424
1150519214
1160865751
1156620288
1144235164
1156188733
1152552714
1157788877
1161068175
1162255401
1165441434
1165269688
1159093903
1162399703
1165401825
1165519995
1133817987
1160982405
1165513318
1156038820
1165625999
1164721766
1162372342
1165419479
1165386629
1162212106
1162242990
1164748636
1165458227
1161575014
1156386570
1156603085
1165567181
1165227950
1156472095
1156018012
1164778783
1165438075
1164343173
1155830989
1160968765
1166182257
1165375324
1152094536
1165611827
1156303094
1156184801
1160883077
1165672776
1156460790
1159892664
1159202079
1162422149
1149141975
1159092429
1164406456
1165119857
1164433039
1161014190
1165468017
1165329613
1156610949
1165262766
1161556787
1164838584
1156436869
1155970662
1156124017
1161058918
1165360210
1136408003
1156348559
1160967741
1164355379
1156526735
1152345702
1161010627
1164694200
1155880714
1152143278
1164783370
1165005988
1156254024
1165400883
1164493660
1160931983
1165406413
1159991501
1156800266
1161582920
1161605284
1165281075
1165447004
1165168804
1156334469
1164574679
1165546660
1146661798
1156194058
1165396746
1161177129
1165572342
1161155420
1161596150
1164561531
1164546621
1156206838
1159174554
1165293978
1156163011
1164827116
1156842373
1165097001
1156961567
1156088463
1166192538
1165426811
1160857395
1150711972
1161067889
1136522461
1133403668
1165402276
1155737354
1164743393
1156406886
1161604137
1166164521
1165082624
1164744212
1159845110
1155792323
1155849339
1155927736
1133928120
1161608479
1161013453
1156004577
1156152525
1155864740
1165232046
1147384726
1134050705
1164420301
1164649718
1159104717
1165360701
1164424602
1165414195
1165312983
1160924774
1159283794
1164612485
1165364306
1165408707
1159146947
1160920433
1165480387
1161124209
1164605727
1147260862
1164783206
1161086771
1146722845
1156589322
1165284188
1164502999
1165452452
1137598497
1164625306
1165277676
1161099428
1161593692
1164708823
1146701414
1165487718
1147465531
1156861297
1159203840
1161524101
1164941107
1156047176
1156662477
1156241572
1155949036
1165406618
1159945667
1161107743
1165475799
1159942554
1156760453
1164665528
1156749804
1164825354
1164377211
1164773294
1156900454
1165057475
1165271409
1143168762
1164487721
1164464169
1164932588
1165466747
1165389414
1164552274
1162432963
1156403692
1159225795
1160926167
1156860396
1159753359
1156187668
1152311624
1165418824
1164477481
1165128499
1165178716
1159984783
1147897184
1161090949
1156319887
1162435584
1165397197
1161635471
1165323960
1159856824
1156833526
1146310066
1146935083
1165339976
1156739645
1164359148
1156288348
1160984986
1162414285
1165290578
1164743148
1156509532
1155679109
1159940219
1164347351
1165525238
1159194706
1165285540
1156156539
1161509315
1166219305
1156791091
1160867512
1159084401
1156259430
1156526326
1155799532
1152076677
1165068698
1161583616
1165282181
1157171364
1150996316
1156109926
1159956726
1156740137
1160945787
1158441984
1165149716
1165201203
1137919525
1151896289
1136838181
1165514056
1155805348
1156587274
1165273539
1165508362
1159150879
1133804225
1164498575
1165345997
1161105981
1161638339
1150798643
1164378522
1165432627
1133690782
1165509796
1135584150
1164585697
1156288266
1164435415
1136099361
1165535314
1164522168
1166195855
1165162865
1161570755
1165270057
1165336003
1156197007
1164665979
1165265224
1156333404
1162151977
1159733862
1161028608
1150570414
1148437955
1164459500
1165304627
1164937052
1160827986
1165187564
1152509624
1164416860
1155674685
1156463575
1159234314
1162428457
1155933307
1150726144
1137983750
1161192694
1160874476
1156408443
1165513687
1159735583
1166189076
1165285622
1156119183
1156058481
1164669133
1164767928
1159251231
1165041951
1156296950
1160834417
1151068897
1159888323
1146594755
1161603359
1156437443
1165363446
1166280151
1166286316
1161612452
1161097175
1162290381
1161223086
1151132467
1156779950
1152468173
1161101066
1156187423
1164626412
1156182344
1164857057
1147084505
1165429924
1165610639
1161582674
1160012431
1165049242
1155963290
1147254768
1133910917
1159962255
1159815741
1161270231
1165480141
1155929620
1156150559
1147940635
1159729193
1164551004
1160938332
1164629524
1164635177
1165299098
1161570836
1156846797
1165250724
1160869274
1159912079
1148585116
1159292355
1135018869
1152461128
1165419069
1155980575
1147729576
1165094339
1165623214
1162256753
1155988603
1165198787
1137370431
1161117164
1147278262
1166144758
1165330104
1164434842
1161493709
1147173863
1164740526
1160926536
1165273784
1165255926
1156344218
1161199206
1165229015
1165282796
1156694508
1159814226
1155852534
1161483878
1165226394
1164822364
1164841615
1164414894
1155889480
1162422436
1151199887
1165543260
1156352655
1162255811
1159896760
1166219100
1165024010
1155863265
1165519749
1150834606
1150938481
1161873654
1165265469
1156133519
1165680189
1138101682
1165308764
1159293297
1161118761
1164646769
1155665265
1155812803
1156173496
1144429314
1150493983
1161231360
1162215956
1156880302
1156378460
1159942185
1166190387
1166147748
1162198999
1155949445
1160928666
1164396667
1165147423
1162381967
1161078538
1156848517
1161171026
1135782625
1165422879
1162240532
1161115156
1151913165
1161161646
1156146627
1165469778
1161880986
1162261709
1161052897
1156689428
1166142157
1159266468
1165531177
1155717530
1159334953
1164630180
1162241597
1165302170
1162375086
1147975434
1165708329
1165221970
1156890214
1165507338
1160813281
1160964506
1160840069
1152501514
1162139034
1165263421
1164336210
1159085752
1164853330
1135149908
1159860470
1160872141
1160859279
1160876564
1162215137
1160880988
1165361521
1155971645
1151180636
1161610281
1164516639
1165333012
1160809882
1161033769
1165110845
1164374016
1152618824
1146532037
1160900280
1160762081
1160922522
1160835645
1160900772
1156248371
1156214702
1165207388
1135591621
1165306675
1162359726
1155945185
1156397302
1161509642
1147402322
1164768215
1164640625
1156278600
1160807711
1165263012
1160859853
1165571359
1160862515
1165337395
1159170048
1160820572
1136622010
1156244193
1160850145
1152521257
1165123830
1165449912
1164421571
1155811492
1160853750
1133537231
1156468818
1159731610
1165123666
1160836997
1160863334
1166236795
1165293732
1164606013
1146452214
1165383107
1160834212
1162404372
1159259791
1160831959
1160833475
1165578240
1160820982
1165445652
1165251584
1160894956
1164710461
1165290414
1165202842
1147082932
1150841979
1160827904
1160834499
1159376609
1155931914
1160746721
1160850883
1143902110
1165264609
1160827986
1160919081
1160860836
1160041431
1160833311
1165447660
1161104630
1160883364
1159224238
1164652585
1160852275
1164677693
1156778803
1165453353
1164424110
1159193108
1164582994
1165538796
1160887788
1160865055
1161599140
1165287424
1160807997
1164853248
1155837952
1164749210
1147219280
1160838267
1156279828
1146623656
1165420585
1165531709
1165599293
1147976909
1150841160
1164752978
1165082051
1150402478
1164842885
1150627676
1165345833
1160828314
1160800911
1164770017
1136846373
1156018340
1156392632
1162277806
1161540690
1165509878
1165259940
1156398449
1160855142
1146724123
1159686021
1161128223
1164861194
1160864686
1165275218
1160854241
1155801498
1138330665
1165253919
1164826296
1165278167
1144226808
1147095122
1143262839
1158422323
1148116894
1165337969
1166256804
1147568947
1160796611
1159165624
1165474243
1162410107
1160788378
1150523392
1155921674
1164821340
1160839660
1151205212
1156392632
1165407642
1160811971
1161123103
1156086579
1160860836
1161572229
1165283942
1160867963
1147998929
1156357898
1164325315
1164907848
1160830239
1136525115
1160794481
1160797348
1158471229
1160909414
1146844152
1165219553
1162161562
1154371994
1150419927
1160801116
1165470679
1160816230
1165490872
1150798643
1160799805
1165050921
1165675274
1159100539
1161165005
1162203300
1159109100
1150665933
1165506560
1161545523
1155926016
1135602303
1164560220
1160790589
1147596079
