binsize = 0.050000
0.114650
-0.144893
0.191304
0.057471
0.030172
0.071177
0.006127
-0.084483
0.074448
0.134228
0.025296
0.028218
-0.005806
0.016140
-0.012090
-0.000602
-0.046604
0.034982
0.040902
0.002178
0.024497
0.000000
0.047282
0.025864
0.038577
0.020114
0.035474
0.063892
0.065091
0.002237
0.041343
0.036182
0.084383
0.002352
0.037578
0.023322
0.004837
0.033127
0.028264
0.072937
0.042033
0.014970
-0.006800
0.028984
0.080807
0.047319
0.043183
-0.010741
-0.015854
0.061453
0.031895
0.050066
0.018825
0.003406
0.022749
0.073327
0.013063
0.057316
0.033054
0.060714
0.013046
0.049621
0.053790
0.073980
-0.012168
0.049787
0.010007
-0.007511
0.049939
0.032925
-0.022484
-0.007282
0.070316
0.013141
0.052158
0.045640
0.031129
0.027003
0.035840
0.042639
0.008272
0.064392
0.043843
0.028584
0.024096
0.064814
0.030018
0.040237
0.053283
0.020157
0.022017
0.041843
0.015076
0.054284
0.029552
0.004885
0.041993
0.005099
0.020817
0.023219
-0.004706
0.024707
0.031216
0.006827
0.042396
-0.016893
-0.004384
0.037136
-0.007348
0.029396
0.015792
0.016664
0.011984
0.034006
0.031880
0.052433
0.028417
0.021114
0.023420
-0.013576
0.020273
0.008044
0.034038
0.026768
-0.002679
0.018356
0.001056
0.043878
0.020173
0.019968
0.025361
0.038636
0.014324
0.019805
0.024293
0.034627
-0.005928
0.010098
0.027204
0.011771
0.022626
0.009411
0.010405
0.021090
0.021522
0.010455
0.006711
-0.000480
0.022632
0.039941
0.004863
0.013526
0.024698
0.030869
0.016912
0.016834
0.047817
0.046468
0.040085
0.007935
0.035447
0.006805
0.036807
-0.002435
0.051105
0.021074
0.011326
-0.005832
0.033300
0.019046
-0.005832
0.007485
0.008476
0.002134
0.057926
0.002387
-0.005523
0.022877
0.012619
0.001507
0.000797
0.015309
0.004542
0.039298
-0.003205
0.005012
0.000081
-0.003136
0.004882
-0.018308
-0.007653
0.044449
0.023727
-0.010380
0.022527
0.007760
0.031475
0.013638
0.013582
0.013145
-0.004249
-0.002050
0.001715
0.034255
0.028323
-0.018238
0.005263
-0.015109
0.010213
-0.009255
0.016976
0.014372
0.001865
-0.004153
-0.020365
0.016340
0.010396
0.032089
0.015793
0.015649
0.024385
0.006960
-0.005993
-0.012436
-0.009310
0.002779
0.007535
-0.015507
-0.000598
-0.023016
0.003931
0.014519
-0.013056
0.029454
0.014741
0.016527
0.026061
0.020073
-0.007501
0.008404
-0.013903
0.000678
-0.005088
0.003896
0.001151
-0.018881
0.017265
0.005740
-0.010985
0.005380
-0.012485
-0.003070
-0.007376
0.008895
0.007491
0.000427
0.013550
-0.022255
0.000425
0.013816
-0.020648
-0.010688
-0.006246
0.008012
0.013430
-0.020017
-0.000479
-0.009438
-0.020547
0.001659
-0.010880
-0.001117
0.029948
0.029227
0.014377
0.002619
0.009426
-0.018795
-0.006338
0.002036
0.000030
0.023707
0.019562
-0.021766
0.003049
0.004501
0.013475
0.012986
0.033554
-0.006461
0.003212
0.005261
0.001972
-0.003110
-0.004747
0.020133
0.013959
0.007025
0.025854
0.005051
0.027904
-0.024956
0.009968
0.008858
-0.004181
-0.004144
-0.002485
0.014206
0.012476
0.012519
0.006867
0.014948
0.019041
0.004769
0.019806
0.010816
-0.008880
0.002580
0.030546
-0.015867
-0.008841
0.001142
-0.005970
0.013140
0.010201
0.006519
0.001920
-0.004843
-0.013820
0.002182
0.021192
0.014231
-0.001223
0.004124
-0.004808
0.021282
0.003288
0.005074
0.036796
0.008164
0.017462
0.003165
0.006180
0.006436
0.000449
0.004685
-0.000786
0.010967
0.007205
0.024774
-0.015159
0.009991
0.003250
0.017883
0.010321
0.009859
0.009794
-0.007395
-0.004464
-0.002518
-0.017035
-0.000741
-0.006908
0.003588
0.009226
0.015187
0.005530
-0.001249
0.007696
-0.006008
0.035370
-0.000177
0.003653
-0.011110
0.013235
0.001824
0.004147
0.001471
-0.017805
-0.012603
0.010472
-0.003425
0.006320
0.009575
-0.002266
0.007701
-0.005651
0.004648
-0.011777
0.016473
-0.004841
0.026181
0.023059
0.002516
0.020180
-0.006292
0.011872
0.020155
0.016268
-0.002352
0.014393
0.007672
0.021822
-0.004132
-0.022845
0.006421
0.008444
-0.001352
-0.015575
-0.021349
0.004153
0.007163
-0.005211
-0.002237
0.006193
-0.011389
0.001213
-0.000983
0.002092
-0.002373
0.005691
0.014132
0.011283
0.012299
0.014047
-0.001190
0.009081
0.004152
0.017682
0.006335
-0.002982
0.008093
-0.005366
-0.011384
-0.005021
0.003790
-0.008030
-0.020122
0.014094
0.003357
-0.005375
-0.011428
-0.003360
0.005878
-0.018132
0.012858
-0.012263
-0.010676
0.012251
0.004706
0.007189
0.007302
-0.015032
0.024376
-0.009902
0.000066
-0.030191
-0.011016
0.002828
-0.006115
-0.002855
0.010589
-0.007279
0.006532
0.001090
-0.010970
-0.002048
0.007639
-0.005679
0.014445
0.005314
0.000766
0.008489
0.000406
0.003451
-0.015862
-0.007722
-0.016393
-0.017205
-0.004497
-0.002954
-0.013771
0.017650
0.001645
-0.002558
-0.012047
0.003153
0.008496
-0.000402
0.006267
0.011695
0.011202
-0.014040
-0.000188
-0.011384
0.000459
-0.000910
0.009603
0.018409
0.002659
-0.029777
0.011061
-0.000924
0.029720
-0.007855
-0.000348
-0.006501
0.020805
-0.007556
-0.003100
0.009444
-0.010090
-0.014961
0.003160
0.016899
0.027214
0.013040
0.007873
-0.001206
0.020448
-0.008766
0.004987
0.014611
-0.002257
-0.036829
0.007898
0.002798
0.012382
0.000378
0.000099
-0.009320
-0.007354
0.011982
0.012889
0.008819
-0.000040
0.001481
0.010999
0.004923
-0.010003
0.005078
0.007995
0.004109
-0.001313
0.011908
-0.010587
0.006906
0.003649
0.023007
0.002009
0.016088
-0.011141
-0.000484
-0.005602
-0.015367
-0.019644
0.027183
-0.002958
-0.021537
-0.017621
-0.012952
0.005075
0.006141
0.009961
-0.019772
0.004551
-0.018216
0.003421
-0.001872
0.008317
-0.023565
-0.007620
-0.009157
-0.010284
0.005115
0.001178
0.006566
-0.000488
0.008435
-0.006931
0.009637
0.003417
-0.017370
0.012141
0.001094
0.016668
0.017536
0.006002
0.001113
0.011661
0.000112
-0.011019
0.003226
-0.009099
-0.012595
-0.004240
0.004931
0.010720
0.008471
0.012282
-0.018886
-0.014325
-0.010058
0.018743
0.003695
-0.003787
0.003167
-0.005036
-0.016214
-0.004097
-0.004845
0.017845
-0.008027
0.007253
0.000852
-0.006842
-0.009433
0.002709
0.016670
-0.006044
-0.002288
-0.004040
0.013243
-0.002251
0.031976
-0.018955
0.015787
-0.002944
-0.009545
0.015147
0.001229
0.008752
0.012313
-0.000762
-0.011634
0.020577
-0.003617
0.007500
0.000159
-0.005265
-0.012877
0.005821
-0.016454
0.006851
-0.010117
0.004449
-0.012191
0.002043
0.007375
0.000192
-0.012678
-0.001647
-0.008520
-0.013610
0.006669
0.009557
0.006692
0.003092
0.007262
-0.007665
-0.005028
-0.005710
0.014401
-0.027949
0.016150
-0.019175
-0.006030
-0.003738
-0.003380
0.004032
0.004780
0.001346
-0.005406
-0.002898
0.004875
-0.009988
-0.012923
-0.003462
-0.002512
0.003700
0.006922
-0.006736
0.004551
0.016084
-0.016351
-0.004893
-0.005424
-0.008164
0.001298
-0.002783
0.005273
-0.006575
-0.001897
-0.014270
0.007449
0.000185
-0.001054
-0.001847
-0.012522
-0.010521
-0.012786
-0.025275
0.001070
0.008389
-0.003282
0.003061
-0.015864
0.004672
-0.011034
0.011603
0.011729
0.004696
-0.006902
-0.010627
-0.005897
-0.005721
-0.014497
0.002895
0.007032
0.001395
